0.000000	 100.000000	104.996974	-0.166566	0.000000	 100.000000	-0.183333	0.000000
0.033333	 100.000000	103.321802	-3.719933	-0.003691	 100.000000	-0.183333	-101.613772
0.066667	 100.027161	102.396970	-7.007955	-0.010733	 99.993891	-3.753752	-93.887024
0.100000	 100.613598	101.846392	-10.022717	-0.017614	 99.868763	-7.066290	-87.340049
0.133333	 101.757898	101.554957	-12.723770	-0.015801	 99.633221	-10.160970	-81.624995
0.166667	 99.666244	100.906968	-15.426389	-0.031936	 99.294523	-13.064961	-76.708341
0.200000	 98.171869	100.085305	-18.063413	-0.065925	 98.859024	-15.805579	-71.424380
0.233333	 99.640591	99.503401	-20.247322	-0.062748	 98.332170	-18.369986	-66.065750
0.266667	 95.704546	98.448958	-22.759739	-0.142697	 97.719834	-20.755199	-61.755475
0.300000	 97.078361	97.618778	-24.739221	-0.161933	 97.027993	-22.996158	-56.336491
0.333333	 96.187715	96.725022	-26.585300	-0.184746	 96.261453	-25.057076	-52.112382
0.366667	 96.284461	95.888905	-28.111962	-0.165118	 95.426215	-26.977484	-48.051575
0.400000	 94.191738	94.866982	-29.751670	-0.203591	 94.526971	-28.762662	-44.638980
0.433333	 94.240787	93.916056	-31.044622	-0.182673	 93.568218	-30.433712	-40.791236
0.466667	 91.239484	92.697305	-32.648898	-0.287401	 92.553760	-31.977157	-37.669490
0.500000	 91.356777	91.580572	-33.833366	-0.305116	 91.487858	-33.416155	-33.621647
0.533333	 89.968384	90.397763	-34.966045	-0.342166	 90.373992	-34.720053	-30.484344
0.566667	 88.901400	89.194345	-35.963004	-0.369461	 89.216657	-35.919556	-27.351324
0.600000	 89.124037	88.125796	-36.535280	-0.269870	 88.019335	-37.014397	-24.441350
0.633333	 85.459955	86.739698	-37.624292	-0.405566	 86.785525	-38.011910	-22.524930
0.666667	 86.936635	85.655171	-37.945656	-0.262093	 85.518461	-38.945751	-19.165055
0.700000	 82.226629	84.136191	-39.038422	-0.486544	 84.220269	-39.768442	-17.710376
0.733333	 84.011403	82.973586	-39.257472	-0.359123	 82.894656	-40.542311	-14.120667
0.766667	 82.100574	81.716470	-39.595651	-0.310079	 81.543242	-41.196328	-12.749051
0.800000	 79.752130	80.320362	-40.117911	-0.385241	 80.170034	-41.804152	-10.998360
0.833333	 77.728235	78.834574	-40.700630	-0.536326	 78.776562	-42.354059	-8.664927
0.866667	 77.460611	77.475843	-40.924340	-0.538467	 77.364762	-42.826178	-6.059730
0.900000	 75.870479	76.083197	-41.140575	-0.569167	 75.937223	-43.211135	-4.352418
0.933333	 75.599012	74.816479	-41.051917	-0.453492	 74.496851	-43.539556	-2.594624
0.966667	 73.496108	73.453733	-41.111230	-0.447089	 73.045537	-43.809757	-1.638637
1.000000	 72.575815	72.141156	-41.027377	-0.380092	 71.585212	-44.047756	-0.219068
1.033333	 69.890788	70.670266	-41.200707	-0.502450	 70.116947	-44.238411	0.841155
1.066667	 70.647110	69.454442	-40.840934	-0.312092	 68.642331	-44.394016	2.698863
1.100000	 67.040770	67.970682	-40.971214	-0.462774	 67.162531	-44.487717	3.059159
1.133333	 65.184931	66.440322	-41.121309	-0.669003	 65.679611	-44.569337	4.885648
1.166667	 63.781992	64.920773	-41.183482	-0.858399	 64.193966	-44.588864	6.851030
1.200000	 61.466459	63.308103	-41.355551	-1.168091	 62.707673	-44.543636	8.637080
1.233333	 61.784328	61.912893	-41.063401	-1.189923	 61.222887	-44.439601	10.831306
1.266667	 59.037263	60.371436	-41.022173	-1.418417	 59.741564	-44.262075	11.708762
1.300000	 59.183909	59.024589	-40.586651	-1.390932	 58.266158	-44.055070	13.380529
1.333333	 56.348214	57.520808	-40.438920	-1.594464	 56.797655	-43.792258	13.911639
1.366667	 55.063945	56.046712	-40.205950	-1.765891	 55.337912	-43.512271	15.336788
1.400000	 52.232290	54.425702	-40.213648	-2.149936	 53.887505	-43.184778	16.552095
1.433333	 53.345091	53.114677	-39.614550	-2.109487	 52.448017	-42.816557	18.550956
1.466667	 51.178498	51.724598	-39.183565	-2.205500	 51.020804	-42.381549	18.751576
1.500000	 49.459987	50.310344	-38.800328	-2.355065	 49.608088	-41.939487	19.463344
1.533333	 46.257484	48.706249	-38.751911	-2.785481	 48.210113	-41.473420	20.337358
1.566667	 45.787176	47.231592	-38.426225	-3.038929	 46.827669	-40.979033	22.270240
1.600000	 46.635733	46.027582	-37.611337	-2.932509	 45.461700	-40.419314	23.411295
1.633333	 45.019465	44.801379	-36.891757	-2.894487	 44.114389	-39.821934	23.064799
1.666667	 43.097314	43.518620	-36.315677	-2.967598	 42.786988	-39.237120	22.975849
1.700000	 39.354037	41.978425	-36.216256	-3.420492	 41.479085	-38.654425	23.305687
1.733333	 41.246876	40.824199	-35.400695	-3.348016	 40.190609	-38.060851	25.105681
1.766667	 39.736090	39.654393	-34.669690	-3.334108	 38.921913	-37.407728	24.743301
1.800000	 36.205023	38.244281	-34.403335	-3.678496	 37.674988	-36.766367	24.602410
1.833333	 36.677161	37.050973	-33.744323	-3.741077	 36.449442	-36.129755	25.868605
1.866667	 34.596415	35.779300	-33.257621	-3.937263	 35.245114	-35.451283	25.952118
1.900000	 33.752591	34.569554	-32.678069	-4.071413	 34.063400	-34.769838	26.545685
1.933333	 33.158517	33.444922	-31.979294	-4.117950	 32.904413	-34.068150	26.852898
1.966667	 31.502507	32.282877	-31.387860	-4.243356	 31.768800	-33.356110	26.779989
2.000000	 30.912798	31.201219	-30.689216	-4.289175	 30.656929	-32.646174	27.007317
2.033333	 31.254620	30.295563	-29.737406	-4.138617	 29.568722	-31.929541	26.888649
2.066667	 28.009317	29.163595	-29.246946	-4.317619	 28.504401	-31.216525	25.962676
2.100000	 25.887040	27.939372	-28.929447	-4.631927	 27.463851	-30.534361	26.381849
2.133333	 26.678586	26.943046	-28.226587	-4.671915	 26.446045	-29.838381	27.320005
2.166667	 24.013670	25.788180	-27.834404	-4.936778	 25.451431	-29.111172	27.096665
2.200000	 23.726326	24.738755	-27.273895	-5.085928	 24.481061	-28.391195	27.780578
2.233333	 24.348611	23.885082	-26.420424	-5.018535	 23.534690	-27.648090	27.954396
2.266667	 23.261260	23.031748	-25.635593	-4.985604	 22.613086	-26.899863	27.221096
2.300000	 20.534367	22.002970	-25.197593	-5.193553	 21.716424	-26.176098	26.637312
2.333333	 21.247803	21.172006	-24.454667	-5.182961	 20.843887	-25.471086	27.046047
2.366667	 20.140527	20.334080	-23.779857	-5.209656	 19.994849	-24.752674	26.528616
2.400000	 18.424538	19.424315	-23.269162	-5.345771	 19.169760	-24.051671	26.167128
2.433333	 18.400914	18.622801	-22.613548	-5.375594	 18.368038	-23.362779	26.253669
2.466667	 18.390216	17.923231	-21.843727	-5.313615	 17.589278	-22.670750	25.885495
2.500000	 15.031194	16.970917	-21.537530	-5.567881	 16.833583	-21.991411	25.138001
2.533333	 14.522918	16.074475	-21.147421	-5.768805	 16.100536	-21.337077	25.703871
2.566667	 15.116229	15.343525	-20.513308	-5.797891	 15.389302	-20.663959	26.016487
2.600000	 15.118428	14.706699	-19.780026	-5.745812	 14.700503	-19.979517	25.598203
2.633333	 14.752854	14.119293	-19.031506	-5.666571	 14.034515	-19.309368	24.848330
2.666667	 11.756560	13.309395	-18.691956	-5.858672	 13.390865	-18.664168	24.001070
2.700000	 13.904657	12.809565	-17.887999	-5.724626	 12.768728	-18.046721	24.279427
2.733333	 10.648581	12.055642	-17.547329	-5.895107	 12.167175	-17.421163	23.205803
2.766667	 11.691350	11.492874	-16.930127	-5.871295	 11.586464	-16.830982	23.395154
2.800000	 10.847031	10.920387	-16.378987	-5.880013	 11.025429	-16.234563	22.778073
2.833333	 8.920341	10.229570	-16.051544	-6.034204	 10.484273	-15.658455	22.302467
2.866667	 10.389623	9.763510	-15.401112	-5.961101	 9.962325	-15.098401	22.414527
2.900000	 9.370800	9.262072	-14.861718	-5.948511	 9.459039	-14.534442	21.602790
2.933333	 8.265587	8.717298	-14.432610	-6.000409	 8.974558	-13.997879	21.050207
2.966667	 8.233161	8.235912	-13.941059	-6.000723	 8.507967	-13.479603	20.760405
3.000000	 7.680276	7.762309	-13.478818	-6.010012	 8.058645	-12.971323	20.267393
3.033333	 7.137860	7.295925	-13.044105	-6.027793	 7.626264	-12.479428	19.816308
3.066667	 7.086095	6.883003	-12.565684	-6.005089	 7.210282	-12.002090	19.403397
3.100000	 7.569938	6.571374	-11.978612	-5.894110	 6.810213	-11.538666	18.840430
3.133333	 7.476976	6.298248	-11.389606	-5.763823	 6.425587	-11.094104	17.955914
3.166667	 8.543480	6.171660	-10.639941	-5.502996	 6.055783	-10.679293	17.026193
3.200000	 5.813171	5.816627	-10.302424	-5.503375	 5.699810	-10.295278	15.644791
3.233333	 2.431965	5.181569	-10.406691	-5.802997	 5.356640	-9.957776	15.268822
3.266667	 4.948490	4.845566	-10.051608	-5.791827	 5.024721	-9.632156	15.974939
3.300000	 6.260630	4.677521	-9.481740	-5.620654	 4.703653	-9.282823	15.526683
3.333333	 4.641729	4.388146	-9.145747	-5.593329	 4.394222	-8.948557	14.525850
3.366667	 2.310873	3.914906	-9.110334	-5.765635	 4.095940	-8.648337	14.058886
3.400000	 4.342302	3.680538	-8.725049	-5.694749	 3.807663	-8.363215	14.280170
3.433333	 3.714708	3.420455	-8.414515	-5.663310	 3.528888	-8.070069	13.661491
3.466667	 4.052724	3.226175	-8.037625	-5.575203	 3.259890	-7.798144	13.190966
3.500000	 1.166454	2.789325	-8.051838	-5.747838	 2.999949	-7.541547	12.548677
3.533333	 1.543278	2.428911	-7.952635	-5.841874	 2.748564	-7.307059	12.752127
3.566667	 0.608226	2.017631	-7.937761	-5.991282	 2.504995	-7.065309	12.683882
3.600000	 3.539611	1.920694	-7.467414	-5.819910	 2.269478	-6.825677	12.770657
3.633333	 2.395685	1.739621	-7.166470	-5.750549	 2.041956	-6.583380	11.883075
3.666667	 1.462583	1.497167	-6.985730	-5.754201	 1.822510	-6.370651	11.328783
3.700000	 1.794630	1.313888	-6.738731	-5.703477	 1.610155	-6.176577	10.998672
3.733333	 1.371472	1.115618	-6.539736	-5.676503	 1.404271	-5.993875	10.522535
3.766667	 2.165770	1.015934	-6.219317	-5.555355	 1.204478	-5.826178	10.123900
